collect,analysis,representation,decomposition,algorithms,abstraction,automation,parallelization,simulation
0.7265901363740008,0.7562764615050018,0.7113148789760011,0.7120958529700019,0.7423656605290004,0.7430761201720008,0.8560167075080004,0.7883453261440005,0.7706049456710005
0.7569133567660012,0.724456065556001,0.7625614132090016,0.7538416836050024,0.7553790494879996,0.741591616199,0.8890268841630008,0.7510552396419996,0.8036465056729997
0.7638859804210006,0.7288828355180021,0.751706411764001,0.7451973903240018,0.7618496484480008,0.7239684338620012,0.8248765652960002,0.7793396777170007,0.7921344145840008
0.8046878732600004,0.8020447480180026,0.8161903311900007,0.7878893755450016,0.8153887315590013,0.7751547451740016,0.9068011636850006,0.8201831862520013,0.8204767639570012
0.7579381384240012,0.7685752986590012,0.7681894763770015,0.7810899888670023,0.7449889084699999,0.7535721929580003,0.7873044977160008,0.7665482268599998,0.7412057889729999
0.757581451685001,0.7665054440550014,0.7780773115270014,0.7664541759630021,0.775464519953,0.7645806145870004,0.8863950007170006,0.807854286511,0.813060543606
0.7965189360240004,0.7570035916520026,0.7829038797930008,0.7627579955390015,0.7856637568330013,0.7367532675710016,0.8979982119350006,0.7980981666790012,0.7988916440740013
0.7296154887640008,0.7233241585540018,0.7383414897150011,0.715755054324002,0.7312240605550004,0.7053692732900008,0.7543066277170004,0.7423960894230004,0.7449169137200004
0.7556130181950008,0.7814149787980018,0.7665045296950012,0.7690249826600021,0.7442647380900005,0.7918843056850008,0.8496825772810004,0.8046041194060004,0.7652799398290004
0.7331823425420018,0.752307355563,0.7439183200760022,0.7442782156970029,0.7867238015040002,0.7452574190069996,0.8219482733970014,0.8070575724470002,0.8125570460200002
0.758165371494002,0.7620154784279997,0.7928827563050024,0.7538522274180033,0.7835696301470004,0.7618389952759999,0.8726336816490016,0.7875778732520003,0.8069759642700004
0.777605735257001,0.7819853218130012,0.7753438698410016,0.7698173395120024,0.7571032714269998,0.7755487993440001,0.8305681384450008,0.7606293123629999,0.7666385714009999
0.7593083681460003,0.7282201313430026,0.7574071541370008,0.7172827769890016,0.7627566934800013,0.7475791244670016,0.8285804369210006,0.7726173586740013,0.7821843471270012
0.7628417605360013,0.758706743016001,0.7835886019910017,0.7170527983500025,0.8060971826929996,0.742721871575,0.8792248191870008,0.8007660779689997,0.8116611393629996
0.7400316130380009,0.7528146874130014,0.7366275138370013,0.7276566917380022,0.7383544376710001,0.7340706293940004,0.9015473228180007,0.810328554316,0.8112763054890001
0.7535245646480004,0.7582466417740026,0.7817543998770008,0.7633548481300015,0.7718250339770013,0.7528466341620016,0.8810054524170007,0.7744292573600012,0.7644317832210012
0.7958162963250011,0.7893164458260014,0.8067416029790014,0.7861404546630022,0.821226535686,0.7858173232460004,0.9333799078890007,0.818157338627,0.816035484186
0.7537231331880008,0.7936673715420017,0.7943000080210012,0.782570376120002,0.7978228206140004,0.7647599176870008,0.8321632996380004,0.7568139937700004,0.7910574938560004
0.7537116722550008,0.7937833589480018,0.7942395117820013,0.782268736608002,0.7971691846570005,0.7655436327640007,0.8343173677850004,0.7574364929360005,0.7900877967760004
0.7958402265960006,0.7970365963620022,0.793479147500001,0.8078295722580019,0.8177284966220009,0.7779753337300012,0.9155221003500001,0.8167426189500008,0.8217670326930008
0.7712785180170011,0.7969270751300014,0.7927620054930014,0.8017063775110023,0.794381591568,0.7765964098090005,0.7977526188470007,0.756380201296,0.7901381174730001
0.7731625274070009,0.8082545258140016,0.7851350086420013,0.7815566117200021,0.8020325409410002,0.8137209615290005,0.9316496766880006,0.8035289627700002,0.8050332054640003
0.7943287237920008,0.7915968673320019,0.8014331992940011,0.797798791509002,0.7822038204230005,0.7973127388150009,0.9303474029850004,0.7735844502160004,0.8099461734780005
0.7563331145400007,0.7761082222800018,0.7835301674630012,0.778977142943002,0.7269536935070005,0.7635374890300008,0.8598967547650004,0.7111149463000004,0.7300998441880004
0.7400246953860012,0.7281001575720011,0.7257407648420017,0.7428457071000024,0.7363481691179996,0.7340224179929999,0.9066352429800009,0.7433678026279997,0.6836644692719996
0.7849682534950007,0.7794781987590021,0.7787045474910009,0.7736681911770018,0.7672617491550009,0.7845815930030011,0.8809629675210002,0.7795437202700009,0.8143352357130008
0.784520494682001,0.7590123277570014,0.7827836394320015,0.7692847613690023,0.794140417509,0.7742367976890003,0.9462424167270007,0.786508378781,0.8286468868410001
0.7959071326350008,0.7792599122910018,0.7800244729810012,0.7750262877210019,0.8181532566550005,0.7721180398580008,0.9383294556090004,0.8223840880460004,0.8226195949530004
0.8251273363840008,0.8069264219640018,0.8101406285700012,0.8113180682490021,0.8284631283500005,0.8033660320110008,0.9408439480440004,0.8227997432050004,0.8270210327970005
0.7902901962990009,0.7712628035490017,0.7810326481230012,0.794656410723002,0.7859790628550005,0.7755574539480008,0.9109257874860004,0.8133661489550005,0.8231777110620004
0.7725613724620009,0.7756092831050015,0.7828814518860013,0.7756598097560021,0.7708309840600003,0.7594543328210006,0.9086574948810006,0.8076224727570003,0.8121181812530003
0.7850300874990006,0.7827907330170021,0.790973338181001,0.7946869071210018,0.8014999302770008,0.7749342737210012,0.8897852213250002,0.8095027303170008,0.8088981106140009
0.7658307963400006,0.7752551672640021,0.7635311613410011,0.7890906887220018,0.7324961506600008,0.7685098979180013,0.8259491740500001,0.7688240385130007,0.7660744861740009
0.8167509997540008,0.8095623906690017,0.8185514478960012,0.8115175331910021,0.8193845507220004,0.7768061224190008,0.9490142328030005,0.8272593228660005,0.8241037115130004
0.808069938895001,0.7957308437820013,0.7836274194450015,0.8026126740090023,0.794869731091,0.8055889826330004,0.9494610187920007,0.786749382069,0.7734419746750001
0.7951013678180008,0.7640489504290018,0.7925238643200012,0.803279244191002,0.8114184702120004,0.7459290162120008,0.9141990245980004,0.8039154192130005,0.8090216055120005
0.800306341378001,0.7808049891170014,0.7943871699210014,0.7887163629650022,0.810059669816,0.7632348089510004,0.9214808887520006,0.8044834527360001,0.8080646758140001
0.8153618408500009,0.8188148593640018,0.8239985626820012,0.8116137741680021,0.8281901174820004,0.7893463454730008,0.9077595522090004,0.8293466277460004,0.8297741002560004
0.800872241213001,0.7751598453630014,0.7857188492920014,0.7970368469040023,0.7881621573450001,0.7962478642150004,0.8387405898300007,0.780062307247,0.7834922016350001
0.8081036461980007,0.7955271340200022,0.810039548149001,0.8082046224390019,0.8171456935320008,0.8059722406360011,0.8956423265790002,0.8097934846550008,0.8165414373420009
0.7768889742000006,0.7717547912680022,0.770209145683001,0.7611349201920018,0.8114934671410009,0.7841451427250011,0.9130011074550002,0.8159994267820009,0.8232298683600009
0.7847643631930006,0.8054908346700023,0.803100942098001,0.7862443296750018,0.7944507867010009,0.8005833882100012,0.9399028277730003,0.7846344031000009,0.8251082375760008
0.7941668561290008,0.7795995993880015,0.7825718664030014,0.8022541941200022,0.8209959606710003,0.7979410148070006,0.9399998760830005,0.8171064722740002,0.8234393136960002
0.8064119856210006,0.7960490089200022,0.797988013394001,0.8095121647590019,0.8120409387930009,0.7992636994490012,0.9296534036790002,0.8157083322260008,0.8197801301820009
0.8179414090730011,0.7846817542110014,0.8125798566470014,0.8016919270560022,0.814847104364,0.7959948936610004,0.9285489285930006,0.798384549598,0.8167875074550001
0.8068363413620008,0.7901776002880018,0.8016761615790012,0.796078799728002,0.7961373430560004,0.8015660621750007,0.9279260216770004,0.8045436197720004,0.8150169157200005
0.7845814808780011,0.7913376066060014,0.7876837354620014,0.7926538684500022,0.7982067240520001,0.7941481169380004,0.9187323669810006,0.8065148457300001,0.7591707943570001
0.7889672583740007,0.7961465174280018,0.8056246530210012,0.803396166932002,0.7923281935490004,0.7932350801480008,0.9271287607720005,0.7850267865220004,0.8089911792240004
0.7902715571280009,0.7960814051400018,0.8052638232920012,0.805028704696002,0.7935218766300004,0.7952918844940008,0.9337467610910004,0.7855038627620003,0.8094145849520004
0.8350595286550008,0.8255796315940018,0.8251823089620012,0.8307507724480021,0.8359661479450005,0.8310524163940008,0.9639914165190004,0.8313814857580005,0.8328794770560005
0.7636563408990009,0.7609207307620016,0.7606861368380012,0.7706863695360021,0.7579077599640003,0.7688302769620006,0.8272586131570004,0.7403476493860002,0.7676288390480003
0.8293137646770008,0.8127427078520018,0.8166946787100012,0.804062016268002,0.8328190424460005,0.8165910649520008,0.9383527607440004,0.8334678028540005,0.8321076525520005
0.792536952947001,0.7804747658390015,0.7825036274800012,0.7894132262680021,0.7722169042290002,0.7959040223100006,0.8343568153430005,0.7551778116440002,0.7795027105360002
0.7750481059220008,0.7466597458370018,0.7586026396270013,0.769110347849002,0.7204509842270005,0.7463756404250008,0.8542229686460004,0.7440819384600004,0.7734250135220005
0.8009492110520009,0.8040648768240019,0.8044739615980012,0.787343254088002,0.7796132967560004,0.8055111568760007,0.8375292433010004,0.7591857667180005,0.7807597162720005
0.8445034956130008,0.8336889169500018,0.8475965233830013,0.8320842506200021,0.8439591301310004,0.8333621082830007,0.9638842792840006,0.8491553854820004,0.8477383401120004
0.8445034956130008,0.8336889169500018,0.8475965233830013,0.8320842506200021,0.8439591301310004,0.8333621082830007,0.9638842792840006,0.8491553854820004,0.8477383401120004
0.8445034956130008,0.8336889169500018,0.8475965233830013,0.8320842506200021,0.8439591301310004,0.8333621082830007,0.9638842792840006,0.8491553854820004,0.8477383401120004
0.8254052543740008,0.8242093287630018,0.8288850911640012,0.824247357858002,0.8210875546300005,0.8207578059420008,0.9259230740760005,0.8119324842280005,0.8174293849710005
0.8368295231510008,0.8328248150460017,0.8349075990970012,0.8356981887600021,0.8372583023200004,0.8315127075270008,0.9599902565300005,0.8240972823220004,0.8276764664960004
0.8339232280930008,0.8179840191540018,0.8199548668390013,0.8249076113480021,0.7994233841210004,0.8089746987310007,0.9558540289580004,0.8312162279620003,0.8374030720480004
0.8437178096130008,0.8446990345440019,0.8443360032400012,0.8437343437720021,0.8455488272060004,0.8430314220760008,0.9567215039470005,0.8379861681920004,0.8376225114320004
0.8339232280930008,0.8179840191540018,0.8199548668390013,0.8249076113480021,0.7994233841210004,0.8089746987310007,0.9558540289580004,0.8312162279620003,0.8374030720480004
0.7853820974580008,0.7760631994060018,0.7868450899050012,0.7856034116480021,0.7571425198760005,0.7733253064160008,0.9497280674050005,0.7769534843580004,0.7806046375920004
0.7991925325770007,0.7734964635900018,0.7991261093660011,0.7895694713220021,0.7592908867230004,0.7642946270720007,0.9290792931420004,0.8145003271790004,0.8156535212520004
0.7991016072790008,0.8011958634920018,0.8021825191240012,0.8066242134840022,0.7919187374070005,0.7704278625830008,0.9427249926120004,0.8194708949500005,0.8245938370960004
0.791213799923001,0.7790210379360013,0.7636832213430014,0.7792937201340022,0.786936146683,0.7756529103500004,0.9203665839060007,0.810585310868,0.8189252044290001
0.8018799634980006,0.7973561784660022,0.795619081439001,0.8031490754820019,0.7905575191710009,0.7980539030720011,0.9307156248390002,0.8058975798830009,0.8195407011120008
0.8042503736540008,0.7804801595280019,0.7934638968320012,0.7971022804440021,0.7845237760220004,0.7749948496740008,0.8057010127830004,0.7824954791660005,0.7788732590800004
0.8042503736540008,0.7804801595280019,0.7934638968320012,0.7971022804440021,0.7845237760220004,0.7749948496740008,0.8057010127830004,0.7824954791660005,0.7788732590800004
0.8042503736540008,0.7804801595280019,0.7934638968320012,0.7971022804440021,0.7845237760220004,0.7749948496740008,0.8057010127830004,0.7824954791660005,0.7788732590800004
0.806809004201001,0.8007409787220013,0.8038223694800015,0.8062545145860023,0.791166965206,0.8031031143050004,0.9306007360650006,0.805352584566,0.810603668745
0.806809004201001,0.8007409787220013,0.8038223694800015,0.8062545145860023,0.791166965206,0.8031031143050004,0.9306007360650006,0.805352584566,0.810603668745
0.7832860448910006,0.7730570974200022,0.760615641175001,0.7930238949210018,0.7668448454580009,0.7679190616610011,0.8990397676260002,0.776314187393001,0.8182599277050008
0.7832860448910006,0.7730570974200022,0.760615641175001,0.7930238949210018,0.7668448454580009,0.7679190616610011,0.8990397676260002,0.776314187393001,0.8182599277050008
0.7832860448910006,0.7730570974200022,0.760615641175001,0.7930238949210018,0.7668448454580009,0.7679190616610011,0.8990397676260002,0.776314187393001,0.8182599277050008
0.7832860448910006,0.7730570974200022,0.760615641175001,0.7930238949210018,0.7668448454580009,0.7679190616610011,0.8990397676260002,0.776314187393001,0.8182599277050008
0.8186370884470008,0.8036944865740018,0.8163452465110013,0.807006307144002,0.8227920729540004,0.8011587778640007,0.9477814559650004,0.8230845235400004,0.8304370135920004
0.818680746898001,0.8071739086410016,0.7979273163290013,0.8126249711040021,0.8193255772300003,0.7998100487560006,0.9414981219930006,0.8107585586700002,0.8263281526650003
0.8220899316360009,0.8102206831050017,0.8008095818840012,0.795366822861002,0.8192943248610004,0.8023558088420008,0.9445638014670005,0.8131063955920004,0.8274924631440005
0.8293913741030009,0.8012595758270016,0.7882273288990013,0.8081388653430022,0.7973045364520003,0.8080651307300005,0.9383491929080006,0.8295145682450001,0.7894882434350002
0.8293913741030009,0.8012595758270016,0.7882273288990013,0.8081388653430022,0.7973045364520003,0.8080651307300005,0.9383491929080006,0.8295145682450001,0.7894882434350002
0.828794533606001,0.7999938619560015,0.7996379490320014,0.8072813660580022,0.7974743685450002,0.8076795262490005,0.9497124312390005,0.8231993500140001,0.8290124124120002
0.8333964352620009,0.8171754733290018,0.8298207798010013,0.8287864492960021,0.8391124409910005,0.8159584722960008,0.9614344830090004,0.8287834832420005,0.8330368658870004
0.8341807427510007,0.8204270296680017,0.8327154539470012,0.8327985771480021,0.8054546525220004,0.8023277662310008,0.9290879598000004,0.8354398048870004,0.8393561591790004
0.7867757527560009,0.7899125791780017,0.7810040538540012,0.781434085260002,0.7898616628050004,0.7716840051040008,0.8848676046000005,0.8168511247210004,0.8171510763870005
0.7867757527560009,0.7899125791780017,0.7810040538540012,0.781434085260002,0.7898616628050004,0.7716840051040008,0.8848676046000005,0.8168511247210004,0.8171510763870005
0.7697137400910009,0.7721020512020016,0.7855812528640013,0.7757236109880021,0.7913128958630002,0.7803396561440006,0.9292965218950006,0.8121420951960003,0.8092487982790002
0.8027153379260008,0.7914329568540017,0.8070157310350012,0.808436440668002,0.8186386372210005,0.7961671792170008,0.9309585746340004,0.8160567134620005,0.8218761160000004
0.8309424991160008,0.8165651554440018,0.8199945888420013,0.822155466384002,0.7988258005650005,0.8072072161430008,0.9523587143070005,0.8315444834120005,0.8370465904440004
0.7992769522990008,0.8083101649120017,0.8126983569440013,0.799275173608002,0.8317170544380004,0.8037041330960008,0.9425048485530004,0.8354590592500005,0.8346795159360005
0.7859818514480008,0.7715845095080017,0.8009689721780012,0.773997693952002,0.8223032396780005,0.7760531211990008,0.9354335544930005,0.8195571505640005,0.8220023226640004
0.827090573330001,0.7966672745580013,0.7988031733630014,0.8012962102230023,0.824609740626,0.8169358856130003,0.9530451898110007,0.8255453856630001,0.7823172049
0.815039530343001,0.7815909065380016,0.7819494563250012,0.7789365729040021,0.8217741646240002,0.7948107511960005,0.9522086884510006,0.8233006789660002,0.7813768193120003
0.8152596667950006,0.7818072832980022,0.7825379139240011,0.7787541657510018,0.8203933086350008,0.7949469723720012,0.9476411028630003,0.8236426438360009,0.7822711392180008
0.8180567291220007,0.7829014957740021,0.782956222945001,0.7890484762620018,0.8206231668650008,0.7958354965240012,0.9438051774060002,0.8247986707740009,0.7821211709630008
0.8167060953380005,0.7827883272990023,0.783012088170001,0.7803406590210018,0.8220891430750008,0.7940423021320012,0.9495948079800003,0.8252023063360009,0.7802462693310008
0.8181466127370005,0.7841406237840022,0.783399200610001,0.7894967304960019,0.8208809575950008,0.7949568859590012,0.9515235636270002,0.8267552942770009,0.7812438452580008
0.7886189184790006,0.7814320245740022,0.7955481250100009,0.7979144054120019,0.8090357911090009,0.7610928320530013,0.9180453903590002,0.8122984906540008,0.8182413639360008
0.8005780798270009,0.7936380124230016,0.7936660277650014,0.7876385887030022,0.7664091501160002,0.7857073700570006,0.9318247078970006,0.8248518363080003,0.8269863840040003
0.8008521554070008,0.7615857245620018,0.8090536959960012,0.7696093065560019,0.8077845852580003,0.7705472242200008,0.8967480960980004,0.8094476768240004,0.8073040713680004
0.8074683968310008,0.7975207781300018,0.8061653987650012,0.811925213852002,0.7936650373240005,0.8037957548320008,0.9469901525340004,0.8318873557660005,0.8308095504640004
0.7772466827520008,0.7616787838230018,0.7803987530750013,0.781759682987002,0.7815609170980004,0.7657283227050008,0.8973613454930005,0.8179436051400004,0.8163132334660004
0.8400459807020009,0.8374386154680017,0.8377443720320012,0.8390326029280021,0.8398351561380004,0.8351159959990008,0.9536832514880005,0.8331489848560005,0.8381667147440004
0.800977828174001,0.7808495058470016,0.8209018575440014,0.7978339070210022,0.8170382661680002,0.7909094894760006,0.9035480388590005,0.8199931216040002,0.8159106696130002
0.8223981254980008,0.8058633640920018,0.8079551491180011,0.812844134379002,0.7849382282990004,0.7953991902050007,0.9385600614390004,0.8153486923170005,0.8217287469090004
0.8339232280930008,0.8179840191540018,0.8199548668390013,0.8249076113480021,0.7994233841210004,0.8089746987310007,0.9558540289580004,0.8312162279620003,0.8374030720480004
0.8339232280930008,0.8179840191540018,0.8199548668390013,0.8249076113480021,0.7994233841210004,0.8089746987310007,0.9558540289580004,0.8312162279620003,0.8374030720480004
0.8158706041320009,0.7709103723540017,0.7994113533200012,0.774799990452002,0.7818454258630004,0.7771508994310008,0.8676444380090004,0.8101167162600005,0.8180529657360004
0.7754588742990013,0.7546857742800009,0.7793422533010017,0.7631394685920024,0.7529619781519996,0.755280271918,0.8279478749190009,0.7472300350099996,0.7385670137519997
0.784520570703001,0.7719234491070016,0.8062302480060013,0.7642131038660022,0.7845225720210002,0.7807616480700006,0.9375361837980005,0.7595748385440003,0.8052086334180003
0.788471457597001,0.7779486873060016,0.7863618286190013,0.7854130748180022,0.7533884710060003,0.7778897512620007,0.9197566336070006,0.8095195475080003,0.8017954428640002
0.8397064264950008,0.8365671033840018,0.8388014484710012,0.836864915824002,0.8402630149580005,0.8365786333110007,0.9517688477620004,0.8396852190540004,0.8411780485440005
0.8312400566080008,0.8301594542140018,0.8294174329410012,0.830271791112002,0.8298609151110004,0.8261448514100008,0.9447579056890005,0.8265881166380005,0.8269594753280005
0.6882732699760008,0.6921926282950029,0.6744876985940004,0.6477703176200013,0.6428032336810016,0.710500343942002,0.781010412202001,0.7162065729030016,0.6943232368660016
0.7187325950130015,0.7263824921120007,0.7174096495100019,0.6999118719290026,0.6903262333579999,0.7352604068819996,0.8077722800960011,0.7388983322109999,0.7317406383399999
0.6536672554290024,0.6585469540989992,0.6522890503510027,0.6550540057660034,0.6464975803620008,0.7039176278270002,0.7926150856520019,0.6797401186360008,0.6913638199010008
0.6888587675380015,0.6764916739500006,0.6886621220500018,0.6809511372120025,0.6623691672609999,0.7067407564989997,0.7945054899870011,0.653726092102,0.6779673819269999
0.6909119469300016,0.7029775812330005,0.680794637583002,0.6854549456790027,0.68236068249,0.7309430115969994,0.8135178482640012,0.724807912364,0.7301622548879999
0.7080176358210006,0.711161217915003,0.6776100990990005,0.6848798727770012,0.6829373927300015,0.732748527112002,0.800310382948001,0.7179849017050016,0.7176712369860017
0.6904796846760014,0.7095306643440006,0.7087215645610018,0.7022739461950026,0.642677322105,0.7461435415419996,0.810067079414001,0.7068238301669999,0.710815613632
0.6727293394340018,0.6857753530039998,0.6643576820750022,0.675188208722003,0.6146740964780004,0.7010057358589997,0.7937046982920015,0.6847541811080003,0.6450819638530004
0.7244136557570011,0.7105214179910033,0.715975457407001,0.704677343228001,0.691926248172002,0.7297824719280024,0.8005829406300015,0.713076835690002,0.695403204086002
0.6779399593040017,0.6844306035130002,0.640257280970002,0.6840539423180029,0.6356584557130002,0.7028373112589995,0.8015908382610013,0.6681408601990001,0.6409227307160001
0.7235424227920008,0.7371762810780017,0.7524215581760012,0.760395950218002,0.6977372925360005,0.7263796782610007,0.9063273597060004,0.7746407225320004,0.8015981734820005
0.6884078077820011,0.7475579452440012,0.7459008215520014,0.7368696754230023,0.729035726092,0.7569856332860002,0.9170531485440008,0.8001492398429998,0.8089703325289999
0.6989578443640011,0.7187274271720011,0.7652859093980016,0.7152887543290023,0.7428285113669998,0.7212447516060002,0.8035873009020007,0.7764116316959999,0.7668390374979999
0.8223981254980008,0.8058633640920018,0.8079551491180011,0.812844134379002,0.7849382282990004,0.7953991902050007,0.9385600614390004,0.8153486923170005,0.8217287469090004
0.7956687785680007,0.7886740249380021,0.805888153863001,0.7932108737520018,0.8223261039050008,0.7640390407590012,0.9356597310060002,0.8287847508420009,0.8315828197080009
0.693985104507001,0.7660225070970014,0.7760076578440014,0.7621757459590023,0.756953402845,0.7338656091710004,0.8388629257340006,0.7853130513900001,0.782348545134
0.815334417299001,0.7971549851740016,0.7981941234150013,0.7971354759980022,0.8064679259420002,0.7939128886880006,0.9236261100740005,0.8042851575530002,0.8081707980760002
0.7730294622590006,0.7434464676720022,0.754351890373001,0.7837028200400018,0.7758369118820009,0.7766149846540011,0.8414657096070002,0.7384715343720009,0.7406305313280008
0.7809973970920009,0.7922078898340016,0.7925021549470014,0.773289442076002,0.8234996154280002,0.7846876700360006,0.9456185258120006,0.8339139083640003,0.8267583798000002
0.759245237231001,0.7778820878420014,0.8032451188540015,0.7838625167430022,0.8165042085440001,0.7684939450670004,0.9309688958970006,0.822725926556,0.826537232832
0.7877652546570009,0.7801163051490018,0.7909355123200013,0.7856481090080021,0.7777819769590004,0.7597030840520007,0.8940467505580004,0.8120607145160005,0.8139860068940005
0.800659573944001,0.7894026466420017,0.7978114920420013,0.7793631604880021,0.7849392154390002,0.7624477699070006,0.9510976902350006,0.8214469740760003,0.8226111562320002
0.8092254189920011,0.7862376100780013,0.8013517583830014,0.8041889640880022,0.8175637439060001,0.7956398123400004,0.9179916770690006,0.819103585905,0.825999626717
0.775830420111001,0.7700706911180014,0.7736867555440015,0.7716325960880023,0.800516968347,0.7641920200000003,0.8785779368300007,0.78894867821,0.7629441596880001
0.7602333608490006,0.7704365857830022,0.781101346402001,0.7589338223220018,0.7516676439700009,0.7633399290060011,0.8889355252050002,0.7534923825160008,0.7862332471650009
0.7002184898460005,0.7459367457100021,0.7177102876330009,0.7368499244200017,0.7230388086570009,0.7555358496470012,0.8066839214010002,0.7406164556440009,0.7366282809440008
0.7644972840290005,0.7920653334140022,0.8043651016320009,0.7881717431480018,0.8205316879980008,0.7582198389010012,0.9297551882350003,0.7926739242640009,0.8325797809600008
0.727708897857001,0.7323623443890014,0.7469201419420014,0.7385730484410022,0.736526837024,0.6996186964460004,0.8497978673730007,0.7343609321330001,0.736016429619
0.7293814217860006,0.7170406519770022,0.7292694472130009,0.7034999414670018,0.7171916604280009,0.7506253937110012,0.7779399485550001,0.7404481621170008,0.7392549942360008
0.731095376249001,0.7482174452930014,0.7759171841960014,0.7573361244430022,0.7731029397440001,0.7420565570790004,0.9037767756850007,0.773108765694,0.79633847521
0.7710279445840013,0.7821870022900009,0.7934431229080017,0.7385887357420025,0.8152427629789997,0.796050891766,0.8991086694600009,0.8142532450519996,0.8205585520759997
0.7853809894880006,0.7952035376220022,0.8002054124480009,0.7920548053110018,0.8019512575140009,0.7893281824510012,0.8913155531280003,0.8019714033010008,0.8015123164500009
0.7011854679110003,0.7223195214310025,0.7528169172050008,0.7346924295130015,0.7172865765030012,0.7239599373050016,0.7857774607590006,0.7097441227150012,0.7341120592120012
0.789294232384001,0.8060109926130015,0.8039008841800014,0.7762143527280023,0.809957371755,0.7872639125750004,0.9276210254230006,0.815524866408,0.821741956156
0.736942519994001,0.7479422395440013,0.7690821275810015,0.7555766220870022,0.753789434574,0.7326899391890004,0.8857251176830007,0.7789169919700001,0.7763852072510001
0.8064206768970009,0.7663882400520016,0.7944900897930014,0.8058170887000021,0.8002083845050002,0.7672467294970006,0.8886538751960006,0.7876793855360003,0.8082775283730002
0.815074591865001,0.7896826813080016,0.8113491292290013,0.8074088206360022,0.8153284099250002,0.8023731688870006,0.8928176044080006,0.8148394751000002,0.8222526020480002
0.7588880532330008,0.7574117869550018,0.7836781630120012,0.787198005552002,0.7521670202810004,0.7548338570700008,0.9208054739400003,0.8144901558610004,0.8168930969790005
0.7203315807640003,0.7456323841020026,0.7401883352590007,0.7481032062220015,0.7943476020400012,0.7642879398370016,0.8944373573250006,0.8193111400400013,0.8069562573430012
0.7676505677230008,0.7711249761710018,0.7820475199810012,0.7719834110780021,0.7222829937320004,0.7606584840480007,0.8641413780250005,0.7778516461190005,0.8125815874070005
0.7359884596930008,0.7511368738580018,0.7431613553710011,0.741493380292002,0.7506523707050005,0.7196532689730007,0.9104746825130005,0.8121847484040003,0.8160402707360005
0.8149888854420008,0.7911047150820018,0.8032923018050012,0.7985760290550021,0.7757900041160005,0.7985463480290008,0.9462307118880005,0.8389650669810005,0.8334014451030005
0.7688823701780011,0.7733866477450012,0.7898759669750016,0.7361447376440023,0.7781591910539998,0.7599321888620002,0.9195239565320008,0.7777666462869998,0.8163947669829998
0.754902244960001,0.7261823248470014,0.7511103089620014,0.7519753967670022,0.746029638562,0.7529185012770003,0.8539099751490006,0.7827593744010001,0.7806568485150001
0.7077225585090012,0.725894722875001,0.7312707720500016,0.7179006096250025,0.7603489783629996,0.740799938391,0.8267404695550009,0.7414318392509996,0.7114952125119997
0.7748091570020008,0.7840926057690017,0.8011699303660011,0.7691861125530021,0.7790329391740005,0.7616848422470007,0.9368279015550004,0.8071784283620005,0.8220543614460005
0.7654705594470008,0.7545442141620018,0.7886424397020012,0.782552152890002,0.7607797358190005,0.7470864403440007,0.9412776647820005,0.7877751025200004,0.8221979039130004
0.8222641677910005,0.8169287976180022,0.831911644473001,0.8087297583780019,0.827814452806001,0.8129640450820012,0.9368794440720002,0.8366924937520008,0.8339630649660008
0.7112305112570013,0.7455928442440011,0.7296437286590016,0.7360903192740024,0.7580110695419996,0.758233668793,0.8331929108410008,0.7686899257689996,0.7814281122519997
0.7812431080310008,0.7869677443160018,0.7946237327720013,0.776852636812002,0.8165858908320004,0.7943835126080008,0.9195443479890005,0.8268714230600004,0.7853558987440005
0.6650411832640003,0.7067906559720025,0.7176539407130007,0.6995523265740015,0.6728804360020012,0.7336365789410016,0.7905734982690006,0.7523071085520012,0.7408616140920011
0.718821600020001,0.7587209458490015,0.7562716377240013,0.7578504562680021,0.7573841780560002,0.7585767162820006,0.9244918291570005,0.7866148213590003,0.8172929372790003
0.724975061058001,0.7496697270660014,0.7549317537620014,0.7611629460600022,0.7044249717730001,0.7141434203670004,0.9409487779840007,0.791040013272,0.8254142417520001
0.7892921424970004,0.7940581242420026,0.7871625062530008,0.7676791782120015,0.7961230606460012,0.7627775396400015,0.9259286027260007,0.8071484833660012,0.8077745943040012
0.7775737714360008,0.7722501634170017,0.7845168214000012,0.7890542847720021,0.7832283165610004,0.7539833453680007,0.9366003361260005,0.8133893801470004,0.8154414452520005
0.7769322506790011,0.7896038679800014,0.7720952365940014,0.7749753016470022,0.755978127538,0.7785158329610004,0.9042522985430007,0.783901017838,0.8152294248520001
0.8098096843190008,0.8117056183060017,0.8261225587720012,0.8092218956280021,0.7997075175800005,0.8094940844250008,0.9466376211560004,0.7811086435580005,0.8195414550080005
0.7897512378510007,0.7623911545140022,0.772873776953001,0.7795801714640018,0.7123531955340009,0.7743790073380012,0.8750218600490003,0.7568963621140008,0.8128685878800009
0.7622059185550011,0.7658868835290013,0.7777661082240015,0.7815215726730023,0.7864996773929999,0.7581649067620001,0.9234126788600008,0.8180184616199998,0.7969114685639999
0.754824990946001,0.7678509712920013,0.7969369072940014,0.7714429509510022,0.784163708214,0.7490300760570004,0.8981528368890007,0.786987331933,0.819603160695
0.8035986706090008,0.8016445644900018,0.8031454284840013,0.803972471573002,0.7768519418980004,0.8077769812690008,0.8979551230090004,0.8003230290010004,0.8074321905560005
0.774531219017001,0.7668759985980016,0.7899376747100013,0.7721026171410021,0.7854634844760003,0.7763759545750005,0.8976201290490006,0.7936838055860002,0.7959310093320002
0.6941980735900009,0.7352786824240015,0.7349128082750013,0.7386964872670021,0.7352158783470002,0.7333824019890006,0.8892337443800005,0.7815459519970003,0.7823579740750003
0.7863151011630011,0.7932246559450012,0.7830701287900016,0.7765934796070024,0.7798630907049998,0.7864621876840002,0.8863798261890007,0.8010114100749998,0.8113961809109999
0.735408308767001,0.7858795978490013,0.8129239259180014,0.8005671232960022,0.810528438854,0.7646090430660004,0.9228696120800006,0.817260766199,0.8234886248009999
0.7557790967970004,0.7288215818200026,0.7563736741470007,0.7512451862350015,0.7315321542030012,0.7187841102220015,0.8955201505540006,0.7761229108350012,0.7760099263470013
0.7447046359830004,0.7321550058270025,0.7622219279120008,0.7328235325410015,0.7458048159380012,0.7006352444090015,0.9065549823330006,0.7852554107110012,0.7595225610300013
0.8073562616700009,0.8005415757460018,0.8153776988850012,0.8150256976470021,0.8253667105820004,0.7999437498620008,0.9021778394330005,0.8356009308680005,0.8311966097490004
0.646525728263001,0.6475436423630012,0.6589322486690015,0.6005932322070021,0.6784970189229999,0.6373964456430001,0.7251720683380007,0.6877090589459999,0.6852301694289998
0.7161651520370012,0.761456056876001,0.7632727246910016,0.7382423208080025,0.7717528835929997,0.724020019699,0.868196356825001,0.7877804200839996,0.7835818195299996
0.802089702795001,0.8228600535800014,0.8213511289250014,0.8197543009780023,0.8225241213660001,0.7868839304550004,0.9325989577800006,0.823617807585,0.829034847301
0.6268268178350016,0.7008066353680005,0.7194625138900019,0.6955263560750027,0.735519699368,0.6782837379609995,0.8682022625980013,0.743317692501,0.764415907837
0.7360837562240006,0.7680248813680022,0.7560594635390009,0.7503023698360017,0.7360213824980009,0.7420269436920011,0.8246402301340002,0.7188084636040009,0.7589271056400009
0.7440327408780009,0.7354221652020018,0.7761316958310013,0.7645320421030021,0.7052878365010005,0.7535749335960007,0.8908410359740004,0.7817351200770004,0.7834962575780005
0.7464642033890007,0.7600606673500021,0.757395819136001,0.7688986236180018,0.7983449872230008,0.7397394584430013,0.9054159068820001,0.8153018967910008,0.8226983195340009
0.7865855327820009,0.7706037045180015,0.8033134655220013,0.7773900377240021,0.7878039562370003,0.7736853943490006,0.9341142629560005,0.7928508510140002,0.8250026077280003
0.8369208485560008,0.8183557854660017,0.8181050882430012,0.811714642000002,0.8134501736030004,0.8179146208720007,0.9362633978370004,0.8397615408040005,0.8407952023760005
0.7166890863860013,0.756241417447001,0.7651563688450016,0.7704582891280024,0.7561297626719996,0.728786391978,0.924655542689001,0.8119745731329996,0.8158367658209996
0.7866059071930007,0.7896304264920018,0.7803647975150012,0.784949653476002,0.7718786470500004,0.7549873799980008,0.8774811081510004,0.7687460547020004,0.7626052358720005
0.6831828260590004,0.7244964845220025,0.7403810976570008,0.7328444914320016,0.7228890547190012,0.7131155709180015,0.8138499099440006,0.7504036206270013,0.7413292114040012
0.679854377695001,0.6965122407810034,0.7317343960310009,0.729647455217001,0.723064311296002,0.7190776880670023,0.8528486634170015,0.759825644704002,0.7726891479350021
0.7621699978900012,0.7781291809760011,0.8012086464060016,0.7859025027430023,0.7913351749499998,0.7566543560090002,0.9234157009370008,0.8161748668799998,0.8184279176219998
0.735772412397001,0.7438387024500014,0.7756233356310015,0.7343541434900022,0.7537149603240001,0.7333243513330004,0.8534263806150006,0.7478777971470001,0.770117863763
0.6723567784170009,0.7254448117600016,0.7202393389970012,0.730469773366002,0.7238655801710002,0.7280305898690006,0.8237169195430005,0.7774277474850003,0.7807856161840002
0.7921581560480009,0.7861020168200016,0.7856183925900013,0.7912214915420022,0.8100331833640003,0.7799999016070006,0.9221623423250005,0.8126944460520003,0.8039004043440002
0.695122453727001,0.7026710781990014,0.7484043510450014,0.7051645775350022,0.7088605203340002,0.7048622288980004,0.8331126023750007,0.7144049581670001,0.716442328639
0.7789300009060013,0.782676548937001,0.7811424983190017,0.7601249726990024,0.7760736922229996,0.780085149305,0.8590582585100008,0.7435769537979997,0.7431698791419996
0.6989134704990005,0.7136485226340021,0.736653533636001,0.7332254606080018,0.7616478364950008,0.7574562751150012,0.8754370895470003,0.7511358369840009,0.7808656087920008
0.8249574189880008,0.8128602895600017,0.8215124469940013,0.820969938092002,0.8248906593760005,0.8257556607890008,0.9288030364610005,0.8279246397660004,0.8267151638960004
0.6858408683230012,0.7497014144040011,0.7625614175270017,0.7409166242400024,0.7852932231709997,0.759918786173,0.8832580386630009,0.8074401121039996,0.8149222189889996
0.7468349695140011,0.7534840515130011,0.7752133744730015,0.7457508243570024,0.7371885908439999,0.7253475490420002,0.9145449790840008,0.8022038573149998,0.8059143260239998
0.7673173855960006,0.7858086180580022,0.7756811457090009,0.7621564714950018,0.8013945611410008,0.7919206072040013,0.8928155910890002,0.7844269204840009,0.7855159006900008
0.7513549905830008,0.7712023260140017,0.7904423039260012,0.7829811052960021,0.7454592480510004,0.7727510326840008,0.8291281177540004,0.7404441276260004,0.7666773546660004
0.7011053465130003,0.7542932702280026,0.7361635181390007,0.7014878450460015,0.6706663520710011,0.7478971022000015,0.8230297780400005,0.7479260647200012,0.7485496433370012
0.6524991058020008,0.718855893495003,0.7140138138240005,0.7274927630930013,0.6966296354750016,0.6838298647830019,0.829572164568001,0.7496294298120016,0.7702280355930017
0.6965269650940011,0.7651401590510011,0.7634909369880015,0.7637844141920023,0.7811714877189998,0.7491377127570003,0.8981772129330007,0.8116406245809998,0.8140027014639998
0.7428250573320005,0.7566878239580022,0.7559743766680009,0.7438033050720018,0.7273505581710009,0.7511679914820012,0.9214793392780002,0.7835358233280008,0.820506500736001
0.7740217317470012,0.7562102486790012,0.7959389335440016,0.7619037636470023,0.8107672529539998,0.7555342744410002,0.8469021779320008,0.8147344095339999,0.8267871732109998
0.776600296314001,0.7722845034140016,0.7710766432570013,0.7828227580920022,0.7220887919980002,0.7646876916790006,0.8047655294600006,0.7770498751440003,0.7740382286400002
0.6771351790120006,0.7129903540360022,0.728625324678001,0.6853454002750017,0.7436362045770009,0.7017583699290012,0.8448549570390003,0.7859811763470008,0.7611145407890009
0.6911794263500007,0.7569741439800018,0.7442057104870012,0.7093215459360019,0.7446845787410005,0.7495684974540008,0.9176882284440004,0.7739471517540004,0.7847183040120004
0.7185564674820007,0.7292863317700018,0.7759209075550012,0.765813233669002,0.7893200265520004,0.7297620993400007,0.9246103649720004,0.8065513028450005,0.8151746530070004
0.8158040127910009,0.7928470148680018,0.8034607800120013,0.790303876498002,0.7590819992940004,0.7727715906790008,0.9367826761840005,0.8220819531440005,0.8207616109320004
0.7647589573380008,0.7773885854200016,0.7939812082510013,0.7674909964830021,0.7862873451170003,0.7856289164350005,0.9319856172410005,0.7816144643690003,0.8115204473650003
0.7799577324850009,0.7872902947720019,0.7903094825860012,0.795437409548002,0.8148034044570004,0.7670427397240007,0.9367112839290005,0.8075766155640004,0.8177956024560005
0.7987549915110008,0.7894987137600016,0.8013618979990013,0.7944056084400022,0.8193418219210002,0.7821055243430006,0.9356555372200005,0.8176316940020002,0.8253638627360002
0.8184426048240007,0.7896906924960022,0.813473305086001,0.8154842696010018,0.7934525186830009,0.7917694711080011,0.9361707304950002,0.8232433896250009,0.825684823464001
0.8256977372980008,0.7958964850740018,0.7988118733820012,0.8005869482840021,0.7706068991170005,0.7901913200720008,0.9414678927540004,0.8310365901560004,0.8325702696400004
0.6387159923700003,0.7102676356620025,0.7303648906440007,0.6855684950240014,0.7451950538320012,0.7187350722840016,0.8183622533280006,0.7427489662450013,0.7518406206170013
0.736370009489001,0.7532525826330014,0.7773144391030015,0.7269284496510021,0.752052390702,0.7381308637160005,0.9238626905490006,0.7802361850630001,0.80343467393
0.7564174285340007,0.7439715368520029,0.7319403111220005,0.7405119081920013,0.7575102911380016,0.7405134584950019,0.8941855679170011,0.7878731120510017,0.7922080576430016
0.7585071160830014,0.7421751422920008,0.7416145627930018,0.7386704561480025,0.7599629940679997,0.7385806102219998,0.894084247011001,0.7881784388549997,0.7921995471759997
0.7569165960590012,0.7297463709910034,0.7153298493180009,0.7206836772160011,0.759038508941002,0.7373275655430024,0.8937007014860014,0.7857171259990021,0.7899920480860021
0.7487550412380015,0.7307538569520006,0.7226722833970018,0.7398245707700026,0.7414943907839999,0.7403100634469997,0.856181446254001,0.7798512278079998,0.7827013293099998
0.7246208435540014,0.7280327854960008,0.7132235029660017,0.7030264067650025,0.7371417683209998,0.7234165898649998,0.8024399906160009,0.7745817679799998,0.7624166887399998
0.7266635639200014,0.7031458991750007,0.6817611384240018,0.6839584452420026,0.7344787358629999,0.7124098666239996,0.805987503816001,0.7785964442289999,0.767674543165
0.7280307112070017,0.7022799332430003,0.7016282618540021,0.6939664929180028,0.7428989053800001,0.6983059908789996,0.8051670678480013,0.7728139880670001,0.7659349092180001
0.7128972955200003,0.7465727473570026,0.7149157624520007,0.7253259034790015,0.7660234439830013,0.7586378327090015,0.8912190227150006,0.7706011692200013,0.8147639693620012
0.6998918693410003,0.7319171749980026,0.7084821211210007,0.7212251392480015,0.7592080361280013,0.7425355243470015,0.9122014577850006,0.7683030266080013,0.8120681860160013
0.6571001838870008,0.7156806900230018,0.6780403078970011,0.695858658258002,0.7125313393420004,0.7219538587940008,0.8805711978520004,0.7243352325590005,0.7876083664310004
0.7222014132290012,0.7345916984450009,0.7161481221960017,0.7461923953180025,0.7181060998069997,0.725003467877,0.8971011769720009,0.7213937368479996,0.7546863420149996
0.7293871496910013,0.7070595131730011,0.6752926319870016,0.7082991662020024,0.6984594160109997,0.699220057589,0.8864725645250008,0.7689599124779997,0.7852104088379996
0.7148802817110013,0.680437215100001,0.6854089094180016,0.7272632632020024,0.7169720218209997,0.704915231115,0.8937141103410009,0.7495497200659996,0.7893797578719997
0.7073287456890004,0.7053593258080025,0.7058950214960007,0.7154028025040015,0.6434880371510012,0.6933046886370015,0.8257482595820007,0.7110072069210013,0.7448693602120012
0.7340652971610009,0.7415049818870015,0.7366561372720013,0.7214086443900021,0.7408059038020002,0.7454613454380006,0.8737582279930005,0.7750375124540003,0.7377882407480002
0.7601124293150006,0.7747219074600021,0.771197660532001,0.7812687705300018,0.7772987337370009,0.7796059644590011,0.9212010990000001,0.7320559335630008,0.7797943303340008
0.777469949607001,0.7584300450230014,0.7585334942720013,0.7720229649490022,0.770210538714,0.7737399126490004,0.9176479466600007,0.721858595197,0.769952841642
0.771421949742001,0.7705434260030013,0.7486414917900014,0.7778914793740023,0.767636334917,0.7605759034200005,0.9285377808460006,0.751249550805,0.781781535246
0.764313291139001,0.7537086825350013,0.7291030538240014,0.7735009410120023,0.7478336876780001,0.7586770701000003,0.9087273018600007,0.731888521686,0.7609479498220001
0.7355992515270006,0.7660360053990022,0.747129256484001,0.7827206994450019,0.7626484260490008,0.7671641220800013,0.9295661815440002,0.7424011422910008,0.7796125079600008
0.7460029106040011,0.7713676868190011,0.7818919500780015,0.7561721689950023,0.7464927934169998,0.7497048051010002,0.9182493154150008,0.7816427214959998,0.8202426481989998
0.8205393199050008,0.8279905403340018,0.8253274320590013,0.817757366085002,0.8022743427420005,0.8241180041730007,0.9512756042790004,0.8005902720280004,0.8359437436650003
0.798168866947001,0.7736803809110017,0.7721329483530014,0.7789349713710021,0.7826253674330003,0.7821685956190005,0.9298216411240006,0.8128750798980002,0.8101636470370003
0.7973965056300011,0.7754660238240013,0.7872511743980015,0.7873050397860023,0.783200006609,0.7784886388800004,0.9307712120850007,0.8174314137300001,0.815833822932
0.696963300527001,0.7689746199800014,0.7528287610070015,0.7488433467340022,0.724593939107,0.7486890712360004,0.9049527187850007,0.772465039858,0.812647887995
0.7516101105950008,0.7861827261540018,0.7858542675500012,0.764000950445002,0.7573493309420005,0.7679728512930009,0.9093676727570004,0.8119462293140004,0.8219830623440004
0.7290688774620006,0.7540362950200022,0.7526998702920009,0.7586393393040017,0.7494253092410009,0.7340713217890011,0.8881855863320002,0.7776052244560008,0.7781886269360009
0.7476721048780007,0.7698611995940018,0.7668338574940012,0.759023885100002,0.7541725190220004,0.7506410509260008,0.9109127287900004,0.8108758304960004,0.8178167765840004
0.7319802601010005,0.7719706246500021,0.764481134320001,0.7556536491760018,0.7464110047520008,0.7631379230070011,0.9067335532440002,0.8100137468220008,0.8082051961600009
0.6986341995630011,0.7451776803620013,0.7575498108920016,0.7291940575240023,0.7531505562169999,0.7231778228470002,0.9132997665840008,0.7671570288129999,0.8112718137869998
0.735109746102001,0.7395569447610014,0.7284603791750014,0.7490837630530023,0.689669908036,0.7433390196000005,0.9020415680790007,0.754292517696,0.8051329173460001
0.6972269839790013,0.736158147721001,0.7254365148170016,0.7238497897580024,0.7723686099549997,0.711637300972,0.8524701403390008,0.7690976194049997,0.7906128958979997
0.7130016347350006,0.7639183813140022,0.7375276378620009,0.7427602316510018,0.7882564733710008,0.7084502718310011,0.8954313429120002,0.7778016456290008,0.7944178493180009
0.7122052893550006,0.7528982984320022,0.737027253143001,0.7419400590820018,0.7870318171330009,0.6969003347640012,0.8967328644600002,0.7757484104020008,0.7795047907130009
0.7127093328830008,0.7628625704980029,0.7360764443490004,0.7419623681880013,0.7881466796420017,0.7083705802770018,0.8971714166840011,0.7631053927430016,0.7938193939230016
0.7157493699750004,0.7619266333930026,0.7359539120040007,0.7392349689300016,0.7855466884650012,0.7074893027250015,0.8978006434930006,0.7753087515160012,0.7915029676420013
0.7058240132130018,0.741251894166,0.7410389420570022,0.740936923890003,0.7885551403890002,0.7041447069609996,0.8638369256590014,0.7792711669920002,0.7835457125380002
0.6935727184630017,0.7357150331000002,0.729278474407002,0.7236729217720028,0.7807590847960001,0.7132666363969996,0.8517089321220013,0.77577123382,0.7992091329800001
0.7215092665320004,0.7240158693900026,0.7438557266660007,0.7513293393540016,0.7409369927430013,0.7327336049230015,0.7847453422380006,0.7077198031200012,0.6969677682060013
0.756783372859001,0.7677167369580015,0.7807981062610014,0.7898085888650022,0.779297097775,0.7774102401130003,0.9375662896390007,0.8102031325460001,0.815054557963
0.7391441194110012,0.7465509617190013,0.7345720895350015,0.7610300615010024,0.7733850879329999,0.7542099674480002,0.8618186167210007,0.7618233220649998,0.7792028342779999
0.6751744654570008,0.7413213518160017,0.7122056967440012,0.715553024302002,0.7474479825640004,0.7449059807760007,0.8897727465820003,0.7994498264640005,0.7785375419760004
0.6946862460250008,0.7307642600510018,0.7478917948600011,0.734897741315002,0.7241062248310004,0.7281702778850008,0.8701937060870004,0.7267888901690005,0.7369122221810005
0.7207621288480003,0.7507192655890025,0.7577979118300008,0.7218803858750015,0.7499846799000012,0.7456883605730016,0.9184290438680006,0.7758278279820012,0.8036301380590013
0.7218677127770007,0.7512117728430029,0.7581312495910005,0.7222505299460014,0.7500878129970017,0.745711784289002,0.9175070320710011,0.7768080525720017,0.8043626919980017
0.6980143950610018,0.728758298254,0.7423862469890021,0.6955927828390029,0.7283504819680002,0.7276006539379997,0.8376048583160014,0.7591218804260002,0.7810294826600002
0.6809375797630015,0.7177335099400006,0.7227063574490018,0.6808099766940026,0.7180975129029998,0.7208026249299996,0.8705609558340012,0.7683348751179998,0.8031182177259999
0.7789105903700005,0.7542840423940023,0.785836550862001,0.7752277851060019,0.8075294177490008,0.7401477348300012,0.9083669559910001,0.7879650355240009,0.7896293827740009
0.7566623033820006,0.7321037889940022,0.7660813963470009,0.7518162591350017,0.7831846878910008,0.7173328401090012,0.8478619389590002,0.7581563538170009,0.7758758434200008
0.8039205694550008,0.7951449146050018,0.7859747824070012,0.7989967035960021,0.8063963805860005,0.7955527010470008,0.8769804656590005,0.8179099043060004,0.8224440560100004
0.7824448286590006,0.7887720014720021,0.7661063227190009,0.7930611842720018,0.8062733778230009,0.7903845572490011,0.8779996416330003,0.8159063150380009,0.8175746615440008
0.7816970439170009,0.7658128603430018,0.7852714777520012,0.765628481742002,0.8019100508970004,0.7777331470210008,0.8733438505110005,0.8104971766850004,0.8136939495730005
0.7336298589070008,0.7398224509710017,0.7621589529280012,0.752891222519002,0.7579511581480005,0.7287562170540007,0.8574745939070003,0.7448031294460005,0.7769476419740005
0.7337174033980016,0.6947873376800002,0.7432696976650022,0.7102039077460028,0.7589855214500001,0.6968588292199996,0.8216923897540014,0.7622498643130001,0.7674963461490001
0.7947933492480006,0.7722081462080022,0.786078148238001,0.7635128009850018,0.7329764177260009,0.7683735559140011,0.9171697825850003,0.7495066212330008,0.7809109259090009
0.7965079107100005,0.7734704494740021,0.786263687328001,0.7645808259430017,0.7335011410770008,0.7686916966450011,0.9178944926690001,0.7493053710300008,0.7808190209990008
0.728931949771001,0.7425648219940014,0.7517101810420014,0.7262461569560021,0.743324029464,0.7120494531670004,0.9098240452240007,0.805223506125,0.781174592508
0.714266677910001,0.7423661748750013,0.7317961706610014,0.7542492424200021,0.6660647749590001,0.7500703192010003,0.8688118496510007,0.731957892283,0.770293334917
0.7654894374380012,0.7854574060150009,0.7655647325300016,0.7862819111060024,0.8195020672009996,0.793118165118,0.9247332974880009,0.7808063786199996,0.7693125346549996
0.7210878319110003,0.7554215967400025,0.7544049853540007,0.7362238522050015,0.7390398234800013,0.7516517265050016,0.8845307825210006,0.7633935470090012,0.7951784628500013
0.7757823658820012,0.780213141879001,0.7671263860900016,0.7835580547610025,0.7358320252719996,0.790977978776,0.8996786128620009,0.7687676127069997,0.8123406912169997
0.7233156342910009,0.6747392201700015,0.7061920595390013,0.702845044812002,0.7477258972570002,0.6991031933350006,0.8059339800580005,0.7129151129740002,0.7120324422200003
0.7128846632070013,0.7175054468970009,0.7390465007900017,0.7309609011360024,0.7176903195769997,0.7099067960740001,0.8448782542200008,0.7387915291799996,0.7426968431939996
0.6845875983990004,0.6998758752790026,0.7433588471060008,0.7181459081550016,0.7450061222700013,0.6895710750660016,0.8701753645580006,0.7521642216930013,0.7815326011990013
0.7889272091140008,0.7844483428830016,0.8091544321780013,0.7931218908030021,0.8073397341770002,0.7790229598640005,0.9037839083660005,0.7963199808300002,0.8057859346500003
0.7609475791650014,0.7507000261660006,0.7266169107230018,0.7704682356340027,0.7412222270239999,0.7461071206859996,0.8936461703330011,0.7743728300239999,0.7500677642439998
0.7677018242410012,0.748183483694001,0.7566061238790016,0.7308765304880024,0.7947598943829997,0.754852796743,0.8700602346540008,0.7999884491999997,0.7846310484439996
0.7568025210350006,0.7690453047980021,0.770927448549001,0.7727795017010017,0.8017651884110009,0.7594604963000012,0.8837365942520002,0.7700913605740008,0.7789207319620008
0.7352691366050008,0.7451791522610017,0.7458001071430012,0.758393699143002,0.7467548332360004,0.7528398717920008,0.9061471305660005,0.7708856036260004,0.7952690343500004
0.7535778048860011,0.7322048111750011,0.7632588293840015,0.7152743218860023,0.7669302961119999,0.7324087160860002,0.8884714450980008,0.7566365686729999,0.7237897116679999
0.7562220896560009,0.7425064384750015,0.7671133107360013,0.7067406453410021,0.7726517724340003,0.7363295543140006,0.8761820339570006,0.7806098992360002,0.7642525467570003
0.733284927835001,0.7658596123520014,0.7794286970170015,0.7157629330580022,0.780670360843,0.7596420705300003,0.9255990786370006,0.773583139043,0.756643898937
0.7526804809350006,0.7447696471620022,0.771812386749001,0.7649272828680018,0.7678534559870008,0.7518372623670012,0.8677899564620002,0.7831643992700008,0.7894731914320008
0.7511932168380013,0.7407685041020008,0.7612831474480017,0.7473738168830025,0.7769630335659997,0.7536383865349998,0.866899260350001,0.7874108353429998,0.8009266126569997
0.7081926249680007,0.706033421724003,0.7401497213470005,0.7275533563020012,0.7522636051830016,0.698114258984002,0.853860625030001,0.7467586006890017,0.7689265877810016
0.7394898689610008,0.7647053861270018,0.7688911414700011,0.760412676773002,0.7617504071380005,0.7686054458050008,0.8228085250910003,0.7395218929480004,0.7591468393800005
0.7132452870260008,0.6973527436850018,0.7451238251920012,0.7099361964430019,0.7187776301370005,0.7277793522800008,0.8250134840400004,0.7228639752440004,0.7503493050760005
0.7714626718070013,0.770664851981001,0.7827248831710016,0.7549393995950024,0.7889122749139996,0.7686326093539999,0.9018943567370008,0.8192159107619996,0.8240349883399996
0.7263064987260017,0.714940475,0.6766543873670021,0.720085736390003,0.7682304126570002,0.7019109417849997,0.8521410606400014,0.7721159869520001,0.7661505992850002
0.7154797463170012,0.7059341046770033,0.6773963342250008,0.721731215386001,0.7725645005940021,0.6935682692430023,0.8538081083340014,0.774199366011002,0.779369115122002
0.6875592863190003,0.7033867487700025,0.6618554262020007,0.6945909609750014,0.7195553625260013,0.6793844212170016,0.8007400181170006,0.7446390529330013,0.7587307461890012
0.7284629628810009,0.6988485041890016,0.6751494094790013,0.7276389330730021,0.6844449697520003,0.7108833265950005,0.7630742768210005,0.7248623310000002,0.7003196540720003
0.733631984016001,0.7539780436800012,0.7453123744310015,0.7454181239700023,0.739741146347,0.7555621915030002,0.8252296244480007,0.7024967212729999,0.7662158833809999
0.699812381335002,0.6714336151739996,0.6909806237440025,0.7101595040360033,0.7188725987250005,0.690787853946,0.7667468891090018,0.7364447415720005,0.7573040588220006
0.7102139297640019,0.7195836179859999,0.7042259615130023,0.7211311115210031,0.7171924263000004,0.7126705915289997,0.7653575622030016,0.7404093222950002,0.7568655486610003
0.6985728618270003,0.7179222968520025,0.6960074336500007,0.7172429712000015,0.7173800923100012,0.7074799681630015,0.7650448171660006,0.7383397228080013,0.7544239924080013
0.7102139297640019,0.7195836179859999,0.7042259615130023,0.7211311115210031,0.7171924263000004,0.7126705915289997,0.7653575622030016,0.7404093222950002,0.7568655486610003
0.7435388252130016,0.7334869510840002,0.7640768947230021,0.7316825665940029,0.766859591846,0.7232761031109995,0.8240047285840012,0.7819633061130001,0.784770680779
0.756581651799001,0.7199559679800014,0.7649767083430014,0.7271880374610021,0.776446715985,0.7193755894310003,0.8211865502660006,0.783053198208,0.7870480241980001
0.772524433169001,0.7603123498240013,0.7775078279020013,0.7774175182720022,0.823234596324,0.7597932124040004,0.9084143508440007,0.820599272106,0.827282664343
0.7710223637400012,0.7565449357510011,0.7761451873450016,0.7702436522790023,0.8149275436069998,0.7403881579180003,0.9049911942300009,0.8170368092609998,0.8235286915639999
0.7420545646250012,0.725794570070001,0.7453464412120017,0.7455955588890024,0.8091903271959997,0.712671718889,0.9045368728060008,0.8078064534169996,0.8154024804989995
0.7475452976870008,0.7443610322680018,0.7509220390730013,0.748777751817002,0.7261992023920004,0.7504551113260007,0.8520759029200005,0.7365823215760005,0.7629398889970004
0.7906836838960015,0.7615925347270006,0.7859497921210019,0.7837323854340027,0.7802981679379998,0.7571013694179997,0.920502857274001,0.8127614361539999,0.7910252643409998
0.6301666779370015,0.6530559920700004,0.651570810852002,0.6518392140420026,0.676765356086,0.6366579012839995,0.8065549712220011,0.660002331579,0.6417033509640001
0.7685018558650015,0.7633461078740006,0.7729545329890019,0.7423234767320026,0.7775886140539999,0.7785889483979996,0.9180058865030011,0.7994147664879998,0.8088147046479999
0.7757443034880004,0.7721481015900026,0.7717375503420008,0.7575064904910016,0.7786974553990013,0.7844839074390015,0.8496688418170006,0.7946905761100013,0.7975779993370014
0.6949953945460011,0.748918564866001,0.6764755376340015,0.7401326846220024,0.7423002867589997,0.743961833267,0.9172522208850009,0.7749485003369997,0.7896044200499996
0.7199955163160013,0.7085648946100008,0.7322482573170017,0.7153906903940025,0.7322471990789998,0.7075378661309999,0.854468492217001,0.7387887204249997,0.7701357497709997
0.7610286761600012,0.7141327264850009,0.7762595153320017,0.7498386086030024,0.7690110070909997,0.7113253285610001,0.8834224773470009,0.7515766794809997,0.7875456312519996
0.7677774481380011,0.7254355591520012,0.7494183414140015,0.7428399541860023,0.7973754244829998,0.7614395273710002,0.8866488330920008,0.7637772641919998,0.7754950885739998
0.7565742219810015,0.7361271842580006,0.7701517091400019,0.7413628822920025,0.7354522574719998,0.7423890958639996,0.926190650691001,0.7943688452159998,0.7975571266239999
0.6610217194110005,0.6987572656110022,0.719049111485001,0.6971522875630017,0.7226827647390008,0.7219572695220012,0.8820296558250003,0.7750477764150009,0.7772125506550008
0.7261910971040004,0.7429397653830025,0.7351852825860007,0.7164543048450015,0.7682426033750013,0.7252862548170016,0.9009181423040007,0.7800947653250013,0.7834371667110013
0.7646597214850013,0.757337015780001,0.7605659374440016,0.7508077428310024,0.7940626872009996,0.747804872814,0.866682127143001,0.8014076094969996,0.8019585915219997
0.7093000789800004,0.7183438541040026,0.7407514592100007,0.6875585927090014,0.7206520842290013,0.7164729526370016,0.8714164873260005,0.7225439250730012,0.7499756196370012
0.7245492538040015,0.7196479537470006,0.7396205962080019,0.7115930460090026,0.7409429882459999,0.7102348899229997,0.888818444514001,0.7479130238089999,0.7622411038709999
0.7156186774440007,0.7124041796870021,0.711980064831001,0.7196228014450017,0.7084867896930008,0.7189562997570011,0.8968925189010003,0.7444653891240008,0.7355277196060008
0.7234820858010004,0.7262280538230025,0.7032747667390007,0.7086768572210015,0.7383676493900013,0.7263196738190016,0.8718576965970005,0.7646762969740013,0.7891379293060012
0.7557027511840009,0.7571636160840017,0.7363626832910012,0.741819176640002,0.7511269184620004,0.7356638796800008,0.8901246837000004,0.7429136036920004,0.7765310109600004
0.7632325801770008,0.7590691608490018,0.7506228206410012,0.7525542554140019,0.7521481556290005,0.7420818431290008,0.8867379872920005,0.7444312387080005,0.7776492811040004
0.7021653139600015,0.7007267199760004,0.6987543200180019,0.7000183511110027,0.7092855879359999,0.6927615397289995,0.8027785963090012,0.725274748083,0.7398028452700001
0.7483061442820008,0.7725758636460018,0.7572043546460012,0.753375694268002,0.7663340728390005,0.7622491573410008,0.8948527292400005,0.7887680323120005,0.8201420496680004
0.7672371867570013,0.757459618279001,0.7693535211000017,0.7382053632100025,0.7787873352859995,0.7413963079520001,0.8503113074930009,0.8003770363299997,0.8060179701349997
0.7623904665050004,0.7412963747330025,0.7735985725080008,0.7341627515660015,0.7691559974130012,0.7379410745980016,0.8314101441740006,0.7895551062950013,0.7980158218700012
0.798088674382001,0.7764689249850014,0.8020276544410014,0.7946256374760022,0.75929074721,0.7698277527760004,0.8597047543640006,0.7922973318380001,0.785068349469
0.744035406323001,0.7342330673670013,0.7569445150470013,0.7313763294220021,0.763619448747,0.7294006904200004,0.8447779494760006,0.736261654195,0.7415969546060001
0.7685196133160009,0.7573187719910014,0.7625956577330014,0.7601783453310021,0.732892472127,0.7450063345070004,0.8566616577270006,0.7651965114570001,0.7745464497910001
0.7636606162000013,0.766729909995001,0.7515924789360016,0.7371744266640023,0.7386292048509996,0.7635895496499999,0.8713009598590008,0.7942192077139997,0.7715587409469996
0.7415576828810012,0.7596021811500009,0.7622723680910016,0.7241723272080024,0.7460213834249997,0.7590387112960001,0.8538493885740008,0.7736655013179997,0.7764143284079996
0.7345428366530006,0.7558888751870021,0.7431572556450009,0.7168753970060018,0.7293619163550009,0.7518206699400012,0.8780474317530003,0.7736962141260009,0.7777683418160009
0.7558541844870006,0.7671675919400022,0.793984818982001,0.7411621996960018,0.790619531235001,0.7558136872660012,0.9098673833590002,0.7727492029800008,0.8167720391520009
0.7714294839240009,0.7114135459930018,0.7434866423010013,0.7255819217060019,0.7783825246260004,0.7075246372250007,0.8647491533180005,0.7725408051900005,0.7924384747320005
0.7410287818820007,0.6967545096910029,0.7392408265800005,0.7355566223600013,0.7453409945690017,0.688182918683002,0.843552280413001,0.7602922420780017,0.7755575226340016
0.7405822462280015,0.6981334908770007,0.7250540379860019,0.7073978148600026,0.7661168949319999,0.7212124872709996,0.873739214550001,0.7817615842129999,0.7934803079439998
0.7262689777990022,0.6522689681099995,0.7055006424790026,0.6846075096480033,0.7337684810430006,0.6867647685730001,0.8051265064590019,0.7347283862900007,0.7452978106320006
0.7288699107720006,0.6898407763200022,0.7421585430530009,0.7073772084590016,0.7616968123370008,0.7035143289980011,0.8532536670090002,0.7895396171070008,0.7974068254170009
0.7098663430720011,0.6788066013430012,0.7101780013490014,0.7072578263300022,0.7473263292909998,0.7091604400150001,0.8247921120870008,0.7774037263879998,0.7823567998989999
0.7497064918070011,0.6788007659020032,0.7517789602960009,0.7339208819200012,0.746960897284002,0.7085956072070023,0.8842918236660016,0.758641160387002,0.7702413107020021
0.7802443734250005,0.7491518684040022,0.7868765297820011,0.7547600528440017,0.7971186420270009,0.7367770967990012,0.8999856089730002,0.8001072920700009,0.8148041747480009
0.7744673454750014,0.7536836111940006,0.7460955509530018,0.7441892817750027,0.8059228734139999,0.7272515132359996,0.9014048286580011,0.8112565306279997,0.8153869908709999
0.7788102760750016,0.7458097276400003,0.758182558308002,0.7419039508120028,0.793596812702,0.7360402811969994,0.8742210140310012,0.808344435695,0.8081631730569999
0.8078419574660007,0.7875905276870018,0.8042567597410013,0.809850735859002,0.8087752670080005,0.7969340651260007,0.9410956163310005,0.8057276163270004,0.8122344482600005
0.7561604205720007,0.7651110154600018,0.7709727424580012,0.788525044684002,0.7919662943570005,0.7538864800360008,0.8955738889590005,0.7997185460720005,0.8271247372640005
0.7561799416160006,0.7734752247150022,0.777017345067001,0.7570022345370018,0.7936723500970008,0.7654731332830012,0.8972534506100002,0.7963792833460008,0.8207042013800009
0.7086509167490008,0.7068166964150016,0.7067206749830013,0.737352560665002,0.6734155232160003,0.7196444690290006,0.8224022674530005,0.7168839441500002,0.7057602541640002
0.7915209128830007,0.7558156175780018,0.7729483495760012,0.773518053578002,0.8180399694600005,0.7472017129620008,0.8643109326940004,0.7964811930200004,0.8051985910780005
0.7570413796320011,0.7390428761130012,0.7454879216240016,0.7472160184970024,0.7687830931539998,0.7302068554110002,0.8483688756810007,0.7387644203669999,0.7614529367439998
0.7859199089190009,0.7691095661490017,0.7703359209780012,0.7787092281570019,0.7932813890290004,0.7759438348200007,0.9192856843170004,0.8027169999820004,0.8174371163580004
0.7285455165290012,0.7389202467690009,0.7347688698870016,0.7332803281530025,0.7742438982219997,0.7194328675799999,0.8807100687840009,0.7381335159129996,0.7637659788509996
0.7539989144210012,0.7489556020980012,0.7526253664800016,0.7614800365950023,0.7637753342019998,0.7467395059360001,0.8801538875220007,0.7248776531989998,0.7454108424419998
0.7732766871930006,0.7635766391010022,0.762498777361001,0.7813433322640018,0.8019902842550009,0.7579966890830012,0.8804104481180002,0.7598463849110008,0.7604355489620008
0.7846935876640009,0.7565370819640016,0.7724526695060013,0.7627343515400021,0.7698333370660002,0.7541420541550006,0.8914278756270005,0.8085635626780003,0.8129172316000003
0.7503262398570005,0.7209432686500022,0.7116451642010009,0.7365731587010017,0.7542227680390009,0.7383541317320012,0.8270525261040002,0.7425715255040009,0.7529517094210009
0.7266308082560011,0.729466002329001,0.7759726799660016,0.7625724529530025,0.7643118496899995,0.729966524168,0.8887266669250009,0.7608725364809996,0.8174881379359996
0.7517615444410005,0.7415626963410021,0.765483364970001,0.7418941977550018,0.7223862475390008,0.7232484090260012,0.8833838496700003,0.7695473563730009,0.7955811064630008
0.7259992948560006,0.7399503438710022,0.7560914751170009,0.7548371129610018,0.7196055580950009,0.7375871029010012,0.8926161283310002,0.7339059179940008,0.7170670387620008
0.7154770004020006,0.7336521981930022,0.755186030455001,0.7305407007790018,0.7339234515020009,0.7311287203770012,0.8912084881000002,0.7382353747920009,0.7145445143570008
0.6658082312310012,0.682138106223001,0.7127084991420015,0.7042616833740024,0.6679245245129997,0.6779639200450001,0.8343297384100009,0.6786281890759996,0.7381131347319996
0.7069391052820013,0.7565944973170009,0.7598096979180016,0.7364882435590024,0.7409615643289996,0.7432786506460001,0.9038658839000009,0.7261658125919996,0.7707014913269996
0.6936497130210008,0.7319967529480017,0.7570906059630013,0.7450416168180021,0.7454009906780005,0.7178813178380008,0.9019614737000005,0.7288591524700004,0.7829502818080005
0.7824262669010008,0.7784402415330018,0.7910655381530012,0.777765161184002,0.7809768987860004,0.7572820375320007,0.9025343478540004,0.7916018204740004,0.8140994933490004
0.7389685337180004,0.7411721034900026,0.7518411764170007,0.7485964742360016,0.7765469731600013,0.7384611038470016,0.9027622682200006,0.7855392808900012,0.8102800291300013
0.7522507757310009,0.7764307240940016,0.7782668284190013,0.7621609155770022,0.7585499015210003,0.7810892187080006,0.9252527499230006,0.7074901446880003,0.7729493755750003
0.7717723569500009,0.7799139446020016,0.7843545997870014,0.7655149083980021,0.7905572891370002,0.7873714875750006,0.8910168834130006,0.7823424133690003,0.8218844372180003
0.7562125429880006,0.7705051705690021,0.770305330168001,0.7258863809620018,0.7783884411370009,0.7743449657160012,0.9051962028500002,0.7862124701790009,0.7870091717860008
0.6642809426200006,0.7327044145420022,0.725197509931001,0.7128219187050017,0.767980695007001,0.7221043104870012,0.8977265326920002,0.8000054113360009,0.8186337862350009
0.6792267920400004,0.6992547266320025,0.7116564298380007,0.6709308853920014,0.7629672675360012,0.6937341000460016,0.8653800482910007,0.7742686521390012,0.7837378928420012
0.6493614448780005,0.7059657695060022,0.698663017160001,0.6915146465270017,0.7454957269510009,0.6955744233060012,0.8743595877210002,0.7714032387890009,0.7888941549820009
0.6687407176340022,0.6807002918559993,0.7102730429440025,0.7146327369830034,0.6863399427530007,0.7083303635200001,0.7862627644520018,0.6506390941260007,0.6865453710490007
0.6855859816630008,0.6679099471610017,0.6545814264090011,0.6626238972900019,0.6967954077500005,0.6903081165590008,0.8094633826730004,0.6848655433300005,0.7294735856950004
0.6630896563710018,0.663943711638,0.6309938158910021,0.6526171618050028,0.6593286508060002,0.6847667514969996,0.8142880244830014,0.6493515564720003,0.6891318571390002
0.7038299601420018,0.7002992572030001,0.7149712538650022,0.688949197560003,0.7188368149740002,0.7164821546329997,0.8185331645130014,0.6633513951660002,0.6853794954290002
0.6542972543270007,0.6356346878570028,0.6451791675730004,0.6669122960930013,0.6825801853400015,0.645827612927002,0.803422008043001,0.6141766526430016,0.6540397492980016
0.6667744399500012,0.6623047949390011,0.6614525046980017,0.6836084165540024,0.7039283570939996,0.655551834227,0.7869244426010008,0.6155298852329997,0.6509719441189996
0.6939081200590012,0.6862004529210033,0.6784943426040008,0.680978939589001,0.6806247494520019,0.7101285285990023,0.8237004856080015,0.6640446494600019,0.710856930060002
0.7049782046460011,0.665406366596001,0.6549875770940016,0.6918795949520024,0.7049853009799997,0.680083687408,0.8170620354300008,0.6532767933069997,0.6907762011639997
0.6693896561520014,0.6660264327560037,0.6702128577120011,0.6782549210400007,0.6681736081620023,0.6988376164460026,0.7758297093250017,0.6369044953920023,0.6629979701480023
0.6569043301060015,0.6726482490940004,0.6568527811750019,0.6829775118850027,0.677545175386,0.6894857752959995,0.8200984113540012,0.6580067312060001,0.7222007804239999
0.6587479233640016,0.6469947167640003,0.644280496694002,0.6599792291440028,0.6631544443920002,0.6666374509119996,0.8135966367230013,0.6696640606490001,0.7190621265480002
0.6709356740380014,0.6633323268530006,0.6550348758840018,0.6685513702940025,0.650130098328,0.6722962488519997,0.8295888511680011,0.6617574487119999,0.7211595513319999
0.6912315739330018,0.6712882872150039,0.6738205771510015,0.6777603411730011,0.6869556608710026,0.700230939350003,0.8181079646210021,0.6481370039380027,0.7152864957680027
0.6657689697630014,0.6588649071760037,0.6422110447550012,0.6442645880280008,0.6908903213590023,0.7014899919210027,0.8239397676150019,0.6894842869650023,0.7336198313910024
0.8003040627230009,0.8035516095210016,0.8047161132140014,0.8056433798280022,0.7906185178440003,0.7875245537050005,0.9176187173010006,0.8181574018620003,0.8265990327300002
0.8077765028410009,0.7801664255980016,0.7783697691600012,0.8188789849200022,0.8295992442380002,0.8057634635690005,0.8748630668530005,0.8297079118320002,0.8369515667440003
0.6937756735790005,0.7430937572000023,0.7082025333310009,0.7201624096900017,0.7511476866180008,0.7557523349960011,0.8883302372110001,0.7673875762400009,0.8112514414320008
0.7831352164030007,0.7659838598420021,0.782447113719001,0.7715052436240019,0.7218159026350008,0.7600930985830011,0.8844523829940002,0.7727470164120008,0.7677081170480009
0.6836311975850023,0.6872079420639993,0.7090814934520028,0.6931050904720034,0.7165102684360007,0.6718009046210003,0.796940609635002,0.6654675351600009,0.7023611286480008